,ς E Χ. 555
91999919919999199999 ,9,9999911991999191199919

τμη 9911999999 99999999 999 1999999991...
1991999999, (19119999 99991999, 91 , 9199. 9999919· 191
19981999199·999,119991999999 199999.. 99 Me.
191999111999·9991919999 99 9191· 19191
(9·999999111919991 99999 9999119119999.. g. 555 5.
11991 1991999919999919,19999999111 9999· ’9,
9999999111991, 191119999991999 9999999. 119 99919,
999991-’9911199919913111999919199999ξ9ι9999991999,9’99,99

91999119911991 9999991 9199991199 19991199 ,55¹ 9999, 99· 5 550

1199911991 9 111 99999119 99999, (9 199991, 9911999 9999999
1191991999919999191999111999 ,9916999999 1999919991
ο1919999991,19999 999119999191119 999199999111
999199 9999991999 999 999999 991119 &c 5555555 55555'555
99999999 99,1 19991 ο9999’999191991,9999999999999911999
99991999.1199999191999119-9999999919991199191991.
119119919991199999. 9999919 99. 99999 1919999911
19199999.11991ξ;1999119919999911119991
19919109991191991991111999.99919999
199991999999999191999919,·9,9]ι....,..
999191999199119999999999999 11·.99;9. 99999191..
19999999,19 1999199999 9 9999 19999 99199 55·
55g555 9999999999999999911991·9991111 999999 5555
9999999991199 99999. 9199999111 19991· 99199
999119999999991999991999999119919199199991199999.
919,- 9999199919 1999999991991 1991999999 99999999
9119119999999999199 19 9999999199 99999199999 99,
11111319999991991999199999999999· ,99919199919119199
99199199999919999919999999 19999911199991911919199

1991911.

1

 

