⁹66 3333333333

3333333333 333. 555550550505515550 fi 55 18505⁶5555
555 55555555555555 5555 3 55 5 ¹55 55555555 3333333333, ,

555555'5555555055555555555555‘5555'5555':5 555 *55 5550 33533334 Ξ
5055'555555555'5555555 ‚5555555 5555 55 555.. 333333 333 ο ⁰555< 3
55555055555 5555 ,55m5555555‘5555 3333333333 ›5505c5z 333 3333333333

333333333333333333333333333333 55555' 333333 ,3333333333 5
antiq 5555 5 5 ’.3333333 555555555555555 5 555555555555555 ,.

3333333333333333333333,333333331333333 333, ’

5555555555555555, 33333333 55555'555555 3333333 55 3 55 ‘55 ’
3333333333 333333 3333333333 5555 3133333 5555 ..3333 33, 3
33333333333333333333313333333333333333333 555
ptr 5555555555555555555555555. 33. 3333333. 333333 3333 }
‹55555555‘55555 55.5505505515555555555555555555555555'5555
333333333333333333333333333333333 3333333333, ,
Q5555050555555'555? 3333. 033333333333333333333, ’9
55555555,555055055555555, 51550,q555 5555555555555555² ,
5555555555555555555555555555555555555555555 555515555555 ἕ
5555.555555555555055555555555555555555555555
33333333333133336333333333333333333333νᾶ memo, Ι
5555555555'55555555555555555555555555,5555,55555555552 ἦ
33333333 55555555555555555 D555‘5055'55555555555 ’33333 5555 ·
33333333333333 33333333 5553 3333333 55. 3333333 5 33 33333,
55555555555555555555555 55555555053 555555505555555555 ,33333
31333333333333333 3333 5 555 5555555555 555555550555555555‚
3333333333 33333333, &aqu-55, 505555555555555 33333
5555 555555555 purget 33333. 55555555 333336333333333
5555555'555555555: 3333333333 55555555555555555555 5505555, ,
ἱ 3333 33333333333333333333. 55055555555 555 5555 5555 ,
555555555555555555 55555 333333333333331333333 3333333. '
5555,

 

